-2.41098022461 -0.737182617188 -1.40380859375
-2.91401672363 -0.542175292969 0.424621582031
-1.10804748535 0.543823242188 -0.7900390625
-2.3551940918 -0.792053222656 -0.382995605469
-2.0711517334 -4.34045410156 -6.59967041016
-2.03102111816 -1.88452148438 -1.98724365234
-1.02197265625 -1.17602539063 -0.208435058594
-3.01062011719 0.0469970703125 -0.954711914063
-3.42616271973 -2.44512939453 -3.38873291016
-12013746778.6 37563179503.8 30833353351.0
-3.66363525391 0.499633789063 -0.545471191406
-0.422927856445 -0.243286132813 -1.62799072266
-0.317260742188 -1.02923583984 0.0501098632813
1.56913757324 0.880920410156 2.09594726563
-0.647750854492 -0.811950683594 0.571838378906
-0.332641601563 -0.670959472656 1.0166015625
0.843353271484 1.74102783203 1.435546875
0.0298309326172 -0.833374023438 0.362854003906
0.487884521484 0.643188476563 0.624267578125
0.706008911133 0.989990234375 0.888122558594
2.07341003418 0.9912109375 -0.666625976563
0.0664367675781 -0.272155761719 -0.939147949219
-0.518020629883 0.0250854492188 0.381774902344
-12304002480.8 38470717125.4 31578296366.6
2.33181762695 3.18963623047 2.78112792969
2.14254760742 0.673767089844 0.0827026367188
3.26455688477 2.97082519531 0.922729492188
1.08880615234 1.20379638672 -2.52154541016
1.89085388184 1.69232177734 0.837890625
1.86067199707 0.921997070313 -1.45104980469
2.57356262207 -0.535888671875 -4.75848388672
-88930527.8151 278057592.556 228240742.706
2.87846374512 2.48046875 2.97644042969
2.32855224609 2.08825683594 -1.17498779297
2.15036010742 -0.019775390625 -1.51544189453
-12639602489.9 39520032029.2 32439615817.4
-1205759004.18 3770026356.64 3094587738.93
0.605804443359 0.845581054688 2.24432373047
1102786199.68 -3448063016.21 -2830307411.79
-1.22789001465 -0.407531738281 1.42926025391
-0.155807495117 -0.411315917969 -3.85583496094
0.745666503906 -0.889404296875 -2.47033691406
-0.785232543945 -0.234741210938 -0.689086914063
-1.23617553711 -1.61199951172 -4.20098876953
1.75318908691 -0.701477050781 0.119995117188
-0.624923706055 -0.177062988281 -0.802001953125
-12584158911.7 39346677517.6 32297319532.6
0.504287719727 -0.0892944335938 -4.18280029297
-0.317047119141 0.02734375 -0.590209960938
-1205759005.34 3770026355.76 3094587735.82
0.532150268555 0.142578125 1.61474609375
-0.2958984375 1.11627197266 3.10235595703
-0.191635131836 -1.65063476563 0.597351074219
-67416708.8193 210790686.065 173025387.618
0.912521362305 0.614929199219 2.72650146484
-0.228652954102 0.421325683594 1.39617919922
-0.462066650391 -0.650268554688 -0.812072753906
-1.64215087891 -0.757934570313 0.198608398438
-0.148056030273 0.074462890625 2.34027099609
-12387032446.4 38730325516.8 31791393273.2
-0.193374633789 -0.200256347656 2.01696777344
0.989532470703 -0.117309570313 -1.34851074219
-1.28605651855 -0.414306640625 0.333190917969
1.20753479004 -0.543090820313 -0.550964355469
1.42991638184 -0.398559570313 -2.08166503906
-354896479.373 1109648839.12 910843949.603
-1.12857055664 0.187194824219 1.81066894531
0.210372924805 -0.609985351563 -0.46484375
-0.0677947998047 0.422973632813 0.358459472656
0.35563659668 0.995239257813 1.49194335938
-0.734390258789 -0.26025390625 1.55865478516
0.339767456055 0.7880859375 -0.911987304688
0.496337890625 0.68798828125 -0.821716308594
-12013746776.3 37563179505.4 30833353353.3
-1.17668151855 -0.902893066406 -0.6689453125
-0.886947631836 -2.86199951172 -2.27471923828
-1.85885620117 -3.6533203125 -4.03820800781
0.491760253906 -0.938415527344 5.52008056641
0.153060913086 -1.95751953125 -0.114807128906
-0.321731567383 -2.11639404297 -0.774536132813
1.48234558105 -0.193298339844 -0.417846679688
-0.2451171875 -3.27471923828 -1.82696533203
-0.200088500977 -1.966796875 3.65222167969
-0.19384765625 -0.86181640625 -0.669067382813
-1.15870666504 -1.95513916016 -0.247436523438
-0.575271606445 -0.852294921875 1.80529785156
-13211172974.4 41307151806.8 33906554889.1
0.389785766602 -0.503356933594 -0.299194335938
0.663482666016 -1.0703125 -1.68859863281
0.0106506347656 -1.41485595703 1.79260253906
-0.784439086914 -1.845703125 0.0670166015625
306667274.079 -958851394.205 -787063403.131
0.869567871094 -0.930541992188 -2.55249023438
-1040738859.66 3254060641.64 2671062539.33
515827821.781 -1612830166.02 -1323875213.8
0.673004150391 -1.47088623047 0.318176269531
-0.126342773438 -0.346984863281 0.536499023438
-12069190356.5 37736534013.2 30975649636.1
0.778350830078 0.684326171875 -0.395751953125
-0.207229614258 0.46630859375 1.42095947266
-1.84342956543 -0.0830688476563 -4.27618408203
0.615814208984 1.69409179688 0.125366210938
1.67361450195 1.95391845703 0.599731445313
0.39518737793 -0.025390625 -0.488525390625
306667273.759 -958851394.76 -787063400.391
1.5843963623 0.10595703125 -0.57080078125
1.63995361328 0.674682617188 -1.59210205078
1.52806091309 1.14093017578 -3.37017822266
1.21363830566 1.79241943359 -2.14007568359
-14137535328.7 44203593367.7 36284069455.7
-0.677108764648 -0.0658569335938 -0.660278320313
0.53515625 0.244506835938 -1.38024902344
-0.488327026367 -1.47290039063 -3.43939208984
2.17208862305 0.231140136719 -0.486206054688
-0.559524536133 -1.00030517578 -1.74847412109
-0.443115234375 -2.08044433594 -1.85827636719
-0.576446533203 -0.183166503906 2.23114013672
-1.29849243164 -2.55798339844 -1.41320800781
1.12271118164 -0.623291015625 0.505187988281
-0.407135009766 -1.42248535156 0.793640136719
0.117294311523 -2.19927978516 -0.274597167969
-12477189027.3 39012216576.9 32022780676.6
-1905813851.95 5958876037.43 4891282707.51
-0.306335449219 -0.00750732421875 -0.589172363281
-1.48304748535 0.0162963867188 -1.23797607422
-0.637893676758 0.20654296875 0.110717773438
-0.435592651367 0.0178833007813 -0.724182128906
0.125564575195 -0.981262207031 -1.12622070313
0.139953613281 0.797485351563 1.75396728516
-0.417526245117 1.09161376953 1.18212890625
-0.537231445313 0.381042480469 0.607849121094
-3.23387145996 -0.428771972656 0.15576171875
-12703322526.0 39719264377.0 32603153663.0
-0.997024536133 -0.199401855469 2.13781738281
79266152.6645 -247840146.154 -203437060.496
-0.458099365234 -1.04541015625 0.656555175781
-1.47549438477 -0.396728515625 -0.97119140625
-2.27494812012 -0.812194824219 0.982421875
1.26338195801 -1.27209472656 0.510009765625
0.545486450195 -0.663879394531 -3.12896728516
-0.430282592773 -1.40124511719 0.564392089844
-12584158912.6 39346677517.8 32297319535.2
-1.86274719238 0.439270019531 -0.232849121094
-2.90753173828 -0.0857543945313 -4.56658935547
-2.32014465332 0.784606933594 -3.86022949219
-2.71292114258 2.30706787109 1.88714599609
-0.833435058594 0.511901855469 0.194763183594
-0.798095703125 0.137329101563 -0.209167480469
-354896480.689 1109648838.76 910843946.828
-2.20364379883 -1.08160400391 -2.15417480469
-1.15145874023 -0.721557617188 -0.1298828125
-1.82656860352 0.612609863281 0.190856933594
-0.0376892089844 1.10717773438 0.295104980469
-12013746777.8 37563179505.6 30833353353.4
1.00608825684 -1.32287597656 -1.6962890625
1.89317321777 -1.28240966797 -0.402526855469
1.15400695801 -0.539245605469 -0.996276855469
3.45819091797 -2.39672851563 -1.31829833984
1.26399230957 -1.07769775391 -2.09478759766
-0.968887329102 -0.0299682617188 -0.977233886719
0.998046875 -1.25671386719 -0.638122558594
0.458953857422 -0.164367675781 -0.369873046875
1.09292602539 0.808532714844 -1.16839599609
2.40573120117 1.61029052734 2.84979248047
-12132910386.7 37935766364.0 31139187483.2
0.987899780273 0.186096191406 -0.318420410156
1.40710449219 -0.547485351563 -2.59857177734
0.48844909668 0.975219726563 -1.44317626953
0.698806762695 0.9521484375 -1.57635498047
0.624298095703 -0.187561035156 -1.22552490234
1.82528686523 -0.982299804688 -2.25323486328
1.10345458984 1.46319580078 0.492553710938
-0.126647949219 1.20916748047 2.54815673828
0.9619140625 0.479309082031 -1.1484375
0.535781860352 -0.329956054688 -0.788635253906
-0.287933349609 0.7998046875 2.63482666016
2.86506652832 0.623291015625 1.00311279297
-12584158911.5 39346677519.6 32297319534.7
-0.219268798828 0.390014648438 0.0549926757813
0.493179321289 -0.211547851563 1.48461914063
-1.14627075195 -0.864074707031 0.400573730469
0.120010375977 0.247924804688 5.30126953125
0.0960998535156 -0.817077636719 2.68908691406
-0.36897277832 -0.230407714844 1.49554443359
0.264663696289 -0.128845214844 -2.21752929688
0.189956665039 -2.36517333984 -0.0245971679688
0.207992553711 -1.21917724609 2.76721191406
-0.0541229248047 -2.47137451172 -0.480834960938
0.498596191406 -0.381591796875 2.42718505859
-0.82568359375 -1.29278564453 2.87188720703
-12703322527.2 39719264376.1 32603153662.6
-700054845.062 2188849681.33 1796694970.15
-2.06173706055 -0.578857421875 1.36450195313
-1.3295135498 -1.64758300781 -1.01458740234
-1.1764831543 -1.76232910156 -0.977416992188
0.389083862305 -1.17248535156 -0.658752441406
-0.726257324219 -2.26800537109 -2.68853759766
-1.34507751465 -2.46343994141 -0.116455078125
0.985305786133 -1.37615966797 0.435668945313
-1.28224182129 0.501159667969 0.912475585938
-2.01582336426 -2.54437255859 -2.52221679688
-12013746776.6 37563179504.9 30833353355.0
-1.18395996094 -0.978210449219 -2.09106445313
-1205759006.16 3770026354.02 3094587738.79
-0.176254272461 -0.381958007813 -1.77471923828
-0.602554321289 -0.243774414063 0.365966796875
0.749313354492 0.2939453125 0.462341308594
-0.401107788086 -2.56060791016 1.33801269531
-0.756378173828 -1.16418457031 -0.0453491210938
-0.121017456055 -1.59948730469 1.68151855469
-0.609390258789 0.224853515625 -1.93804931641
-12506196059.1 39102912376.6 32097227401.0
-1205759005.41 3770026356.63 3094587741.03
-0.0673370361328 -1.37976074219 0.200256347656
2.07864379883 1.04803466797 1.01831054688
1.29223632813 1.77471923828 -0.679382324219
0.448608398438 -0.02685546875 1.83923339844
1.67356872559 0.341918945313 -0.644775390625
1.49012756348 -0.688415527344 -1.71868896484
3.30392456055 0.700744628906 6.00201416016
1.42349243164 1.20080566406 0.630493164063
1.25062561035 1.78729248047 1.83856201172
1.77726745605 -0.927612304688 -2.37738037109
0.499862670898 0.426147460938 -0.00775146484375
-12703322525.6 39719264377.9 32603153662.9
-1205759005.21 3770026356.54 3094587739.91
-0.42887878418 0.904113769531 2.50958251953
-0.927597045898 0.164794921875 0.659790039063
1.33012390137 1.64624023438 3.84606933594
0.0213623046875 0.674926757813 -0.581665039063
-0.130218505859 0.491271972656 3.80541992188
-1.19253540039 0.773559570313 1.474609375
0.135711669922 0.0693359375 0.789978027344
0.178314208984 0.977722167969 0.707336425781
-0.133972167969 2.10162353516 0.00860595703125
498636917.365 -1559079647.1 -1279754651.46
-13563142376.3 42407648606.5 34809886478.2
0.0076904296875 1.38061523438 0.555603027344
-1.28349304199 -0.590148925781 -1.76843261719
-0.482147216797 -1.20544433594 1.18695068359
0.768569946289 1.39660644531 2.16931152344
0.465637207031 -0.744873046875 1.58294677734
-0.559478759766 -0.352661132813 1.83782958984
0.0844573974609 -1.78338623047 -1.20928955078
-0.596450805664 0.4619140625 3.51458740234
-0.501586914063 1.19708251953 0.159851074219
-3.83941650391 -1.85247802734 -1.52276611328
-1.66110229492 0.589111328125 1.48455810547
-11816620308.9 36946827505.2 30327427091.7
-1205759005.8 3770026357.03 3094587743.39
0.391311645508 0.442565917969 2.87683105469
-0.570724487305 0.5693359375 1.89703369141
-0.647125244141 0.470581054688 0.509399414063
-1.18760681152 0.422546386719 0.58349609375
-0.343368530273 0.77783203125 4.10876464844
0.177322387695 0.481140136719 -0.398803710938
-0.0889892578125 1.3779296875 0.797546386719
-0.981155395508 -0.0422973632813 -0.137268066406
-3.64071655273 -0.182006835938 -0.743103027344
-1.70928955078 -1.21002197266 0.554077148438
-12506196059.1 39102912377.7 32097227402.4
-0.295791625977 1.23376464844 1.11889648438
0.598342895508 -0.960571289063 1.24560546875
-0.872131347656 -0.98095703125 0.0650634765625
-0.314605712891 -1.12420654297 -1.54754638672
0.426956176758 0.261535644531 -0.0617065429688
0.540634155273 1.32122802734 1.67999267578
0.525344848633 -1.3212890625 2.35095214844
-1.89962768555 -0.811706542969 -0.30029296875
-0.279113769531 -0.019775390625 1.3876953125
-12442476026.9 38903680025.4 31933689554.9
0.889068603516 1.72869873047 -1.15509033203
-0.301971435547 0.21630859375 0.255859375
-0.64860534668 -0.493530273438 -1.78869628906
0.121200561523 0.855712890625 -0.159240722656
-1.42628479004 -0.0235595703125 0.693664550781
-0.867568969727 -1.15063476563 -2.53381347656
-1.16270446777 0.885559082031 -0.721496582031
0.557388305664 -0.605834960938 -0.605590820313
0.0146026611328 0.627075195313 1.81622314453
165328475.617 -516929758.088 -424316528.605
0.177169799805 1.01806640625 0.191711425781
-0.457305908203 1.82885742188 0.617492675781
-12703322526.4 39719264377.2 32603153664.3
0.810806274414 -0.501586914063 0.737121582031
-50819152.2169 158895381.536 130427654.226
-1.02624511719 -0.949890136719 0.0753784179688
0.532440185547 -0.754943847656 -0.75048828125
250738167.427 -783978806.146 -643521015.478
-0.561660766602 -1.24298095703 0.225769042969
-0.387847900391 -1.79089355469 -1.73968505859
-1040738860.52 3254060642.42 2671062540.38
0.411102294922 -0.915161132813 1.4013671875
0.528274536133 -2.43304443359 -0.117980957031
0.31103515625 -2.28405761719 -0.355834960938
-13540623102.9 42337237971.4 34752090628.6
18988075003.4 -59369694011.2 -48733008700.3
-9687193144.56 30288783451.5 24862239442.4
-13169358883.6 41176412393.9 33799238771.7
10633081369.7 -33246276238.1 -27289867254.3
13052000630.1 -40809470334.2 -33498038110.5
19076081700.7 -59644863058.3 -48958878410.4
-10753913156.8 33624078937.2 27599982775.9
-12910922617.3 40368364079.7 33135960543.9
10633081370.4 -33246276239.0 -27289867256.8
13486832159.4 -42169050733.2 -34614035834.9
20014971604.7 -62580474281.2 -51368544989.2
-10753913154.1 33624078938.4 27599982775.7
-13400691000.4 41899714636.3 34392954050.2
10633081373.2 -33246276237.1 -27289867255.3
13493646486.8 -42190356972.0 -34631524844.3
20102978298.4 -62855643332.5 -51594414705.3
-10753913156.8 33624078937.6 27599982774.4
-13142254735.8 41091666320.2 33729675820.5
11284495061.5 -35283040445.6 -28961724413.1
13486832158.2 -42169050734.1 -34614035832.9
-7294787109.26 22808487867.3 18722114982.7
-11503081144.5 35966489876.4 29522726924.7
-8560163722.88 26764919586.9 21969711662.6
-11496330020.7 35945381254.4 29505400129.7
-2057176923.41 6432140402.9 5279756945.27
-8433816284.46 26369871184.8 21645440207.4
-11558842715.7 36140838641.7 29665839336.1
-8415807900.64 26313564675.2 21599221584.0
-11440958798.1 35772252982.7 29363289553.0
-11429911603.2 35737711912.6 29334936870.3
-11983444329.9 37468433358.8 30755581946.2
-12707175838.9 39731312458.3 32613043204.5
-8917733038.74 27882925541.8 22887415467.6
-14587205723.1 45609570209.4 37438151213.9
-9608120332.36 30041547855.5 24659298608.5
-11440958797.6 35772252982.3 29363289552.1
-7105257703.26 22215889469.4 18235686625.0
-7540202664.89 23575824553.9 19351975492.2
-11591522560.6 36243018164.7 29749712355.2
-10872837830.3 33995918734.9 27905203671.6
-17046889365.3 53300221576.8 43750944065.2
-13586335580.8 42480166388.4 34869411970.6
-1872616283.88 5855077760.46 4806080953.45
-12704813229.6 39723925327.3 32606979548.9
-6894658852.98 21557413592.2 17695183403.5
426906037.336 -1334799931.0 -1095656926.26
6211573303.03 -19421621540.3 -15942040247.7
-9644153791.59 30154213066.1 24751778697.8
-8915898119.38 27877188335.7 22882706139.5
-12215966892.5 38195457714.6 31352352488.0
-9434133061.2 29497544785.6 24212759232.3
-8917733038.2 27882925542.2 22887415469.4
-7557123544.48 23628730774.6 19395403021.3
-12094553472.8 37815836433.5 31040744217.0
-1333282776.72 4168752778.98 3421878267.21
-6550286994.73 20480671917.1 16811350959.6
-718001716.167 2244963852.31 1842755718.62
-6298614441.61 19693771587.7 16165431838.4
-13364164655.3 41785508318.2 34299208954.0
-5216846091.84 16311424710.0 13389066856.4
-7960066670.73 24888606256.7 20429558977.5
-20613106766.8 64450653375.8 52903662460.8
-11070571492.6 34614169239.7 28412688305.9
-6936505747.03 21688255567.3 17802583705.2
635063388.069 -1985641992.14 -1629894004.27
-5937179588.68 18563679325.5 15237807114.5
-3356369449.93 10494303767.6 8614142369.77
-14844963573.0 46415497324.3 38099688273.0
-11549262476.0 36110884265.8 29641251590.8
-8161838394.44 25519482498.6 20947407314.6
-12758021949.8 39890292128.8 32743540050.4
-9052955556.14 28305723505.1 23234464864.5
-11200028678.3 35018940842.3 28744940950.3
-8888070515.01 27790180229.2 22811286421.4
-8433816283.45 26369871186.0 21645440210.6
-11401816004.9 35649865877.0 29262829344.5
-9429197926.64 29482114185.3 24200093181.3
-5587321962.19 17469785376.4 14339895407.8
-11552596442.9 36121308524.8 29649808241.2
-11485226336.4 35910663554.7 29476902466.7
-11865640971.5 37100099561.2 30453238897.5
-8648568253.49 27041332546.5 22196602431.4
-3831067648.61 11978534621.8 9832458153.09
-10792657925.6 33745221563.8 27699421452.5
-11386333092.2 35601455708.0 29223092348.9
-11748171419.6 36732809510.5 30151752599.8
-12058782260.8 37703991183.1 30948937182.3
-8518469700.96 26634555605.3 21862703726.5
-11353611161.0 35499144593.8 29139111315.0
-11838445616.0 37015068315.5 30383441861.8
-8535788875.35 26688707167.3 21907153481.2
-9215810041.45 28814917881.4 23652431886.3
-13446129509.6 42041786442.3 34509572242.2
-10608101822.9 33168173121.0 27225757119.7
-11401816007.4 35649865876.2 29262829349.6
-8974858845.05 28061539836.9 23034029192.8
-8851223368.73 27674970884.4 22716718000.3
-11831917647.7 36994657428.1 30366687791.1
-10000094931.9 31267128225.4 25665303775.5
-7417995621.41 23193721844.4 19038330371.7
-7643229631.86 23897957207.3 19616394796.0
-7609297495.67 23791862194.4 19529307784.8
-12643390042.7 39531874481.3 32449336573.3
-2879653811.48 9003765015.1 7390648816.75
-9688157417.37 30291798459.0 24864714277.1
-13766496492.3 43043472474.1 35331796022.4
-13020608931.3 40711318407.6 33417471108.0
-9108976902.73 28480884510.9 23378244003.3
-7281376281.22 22766556458.3 18687696014.4
-11401816007.9 35649865874.0 29262829343.4
-10181016274.6 31832811934.9 26129639484.2
-7371629843.29 23048750747.1 18919332315.1
-11345822709.8 35474792584.0 29119122212.9
-2395516386.11 7490020678.38 6148107193.72
-3963321893.57 12392051739.0 10171889471.6
-5267499337.17 16469801380.3 13519068738.8
-4346383988.16 13589765544.1 11155020648.6
-10829455078.8 33860274617.6 27793861583.2
-8987091377.91 28099787098.4 23065424075.4
-11440958798.5 35772252983.4 29363289556.8
-8401380947.0 26268456160.3 21562194715.5
-11401816008.5 35649865875.6 29262829344.6
-10721846488.3 33523816652.4 27517683490.8
547768238.746 -1712697731.49 -1405850483.78
-11199161859.9 35016230574.2 28742716257.6
-13643582685.3 42659159954.8 35016337004.6
-8985168936.61 28093776226.0 23060490105.3
-9048681280.08 28292359204.9 23223494914.1
-10810426350.1 33800777811.8 27745024234.4
-11274209838.3 35250881826.9 28935327353.0
-11504256361.9 35970164415.5 29525743136.0
-11819468186.4 36955731890.6 30334736166.2
-6604536518.31 20650292962.6 16950582673.6
-12423447814.1 38844184822.6 31884853520.4
-5535655606.72 17308241052.9 14207293397.8
-12650828909.6 39555133456.0 32468428464.9
-11401816005.3 35649865875.1 29262829339.0
-12426517696.4 38853783375.4 31892732393.7
-24024682688.3 75117570311.0 61659492587.7
-10031170299.1 31364291046.1 25745058891.7
-9399414071.44 29388989493.1 24123652725.5
-9582594845.49 29961737731.7 24593787284.7
-11401816003.4 35649865876.1 29262829349.5
-4178788390.57 13065747228.8 10724885558.5
-11429911604.8 35737711912.2 29334936869.9
-13774141764.0 43067376833.1 35351417668.7
-11801882019.3 36900745533.2 30289601171.1
-11957951770.7 37388726201.2 30690155132.2
-11495953180.1 35944202993.1 29504432965.3
-7338929985.18 22946508650.9 18835407936.2
-11545157578.6 36098049549.9 29630716348.8
-11884575919.7 37159303161.0 30501835568.1
-7906706740.33 24721766662.4 20292610396.4
-8690891843.0 27173665013.9 22305226191.0
-12036961122.3 37635763402.2 30892933103.5
-8903168301.16 27837386221.5 22850034985.0
-9445773205.11 29533939832.8 24242633731.6
-9657539716.81 30196066610.6 24786133757.0
-8366529218.79 26159485855.0 21472747556.9
-11129440668.7 34798234502.3 28563776401.3
1870712510.16 -5849125276.58 -4801194905.91
-9833953390.92 30747656273.6 25238900516.0
-7453580884.76 23304985690.3 19129660162.1
-11574185474.2 36188810591.1 29705216619.7
-10661171677.9 33334105726.5 27361961209.9
-11327949190.4 35418907747.7 29073249715.0
-4328918213.93 13535155592.4 11110194623.1
-11455920391.5 35819033137.1 29401688568.4
-11655369311.9 36442646721.0 29913575426.0
-11489592088.6 35924313869.7 29488107182.6
-10786271934.4 33725254602.0 27683031783.0
-7148721056.85 22351785602.2 18347235579.2
-8917733038.98 27882925541.0 22887415470.1
-8433816282.78 26369871185.7 21645440209.6
-1253517292.48 3919351379.61 3217159668.99
-10650518992.0 33300798174.6 27334621039.0
-8346003961.85 26095309875.6 21420069351.5
-8948353136.38 27978664885.4 22966002134.3
-9064826842.41 28342841246.7 23264932594.1
-9819114008.94 30701258229.8 25200815151.9
-11891413067.3 37180680755.1 30519383146.7
-6084307561.6 19023701876.3 15615411942.7
-6835142471.38 21371324727.5 17542434256.5
-11354243903.5 35501122986.4 29140735256.6
-11369380668.6 35548450850.3 29179583850.8
-8866834130.8 27723780775.8 22756783112.8
-8514797980.84 26623075292.4 21853280220.3
-15081843097.3 47156144536.3 38707640996.8
-11646922107.3 36416234988.7 29891895624.3
-9842836686.07 30775431517.1 25261699538.8
-7390246722.97 23106959826.5 18967112650.5
-11401816005.2 35649865876.3 29262829342.5
-13968843462.7 43676147357.1 35851120753.5
-7827704842.68 24474752742.6 20089851532.9
-10911429476.3 34116582579.5 28004249362.1
-12338446258.4 38578411905.2 31666696528.8
-11099169779.1 34703587014.7 28486085975.7
-10551643306.8 32991645233.1 27080855998.7
-5059130244.89 15818297245.0 12984288197.8
-15109141366.1 47241497580.0 38777702175.5
-2951778276.39 9229275365.98 7575756692.19
-14977277089.8 46829199769.2 38439271725.4
-12115349874.7 37880860190.5 31094118303.0
-10888903664.6 34046151502.7 27946436730.4
-10820556567.9 33832451794.8 27771023501.9
-11378258044.2 35576207607.0 29202367704.1
-9281194110.06 29019353150.5 23820240496.5
-11562127244.7 36151108326.4 29674269105.5
-11937295043.3 37324139140.3 30637139501.8
-13814594449.2 43193859557.4 35455239723.9
-7696549925.16 24064672890.3 19753241660.7
-14618054609.7 45706024890.0 37517325057.1
-8330692561.15 26047435969.1 21380772547.8
-9538433475.23 29823659138.5 24480446878.9
-7578913905.73 23696862339.8 19451328119.7
-4542070045.23 14201613839.4 11657250101.0
-7913272727.46 24742296420.1 20309462039.0
-4592846818.15 14360376712.9 11787568978.1
-8084748034.98 25278445368.7 20749554437.3
-8709575693.65 27232083482.0 22353178393.1
-7595024778.94 23747235927.2 19492676768.4
-11393321448.9 35623306090.0 29241028009.8
-11937295040.8 37324139138.6 30637139498.0
-7145912563.98 22343004333.9 18340027566.5
-16551574631.6 51751529357.5 42479715834.9
-8373232382.1 26180444519.7 21489951257.4
-11100435863.7 34707545661.6 28489335388.0
19779251152.9 -61843451128.8 -50763567039.9
-10753913155.8 33624078936.2 27599982776.6
-12910922616.0 40368364078.3 33135960543.2
10633081371.1 -33246276239.4 -27289867256.1
13493646484.8 -42190356972.7 -34631524844.6
1960033244.0 -6128402906.93 -5030437115.8
-5405506630.83 16901306439.7 13873265269.5
-5824190077.14 18210396913.2 14947818853.9
-5880514949.43 18386506943.0 15092376979.1
1258859233.19 -3936053952.11 -3230869796.48
-7469102985.86 23353518370.2 19169497723.0
-9992017747.72 31241873421.1 25644573632.2
-6453854215.96 20179157163.3 16563855654.5
1772037262.95 -5540599042.46 -4547944295.67
-6502338106.28 20330750927.6 16688289851.0
-5655300445.64 17682332548.4 14514362596.2
-6453854217.73 20179157162.9 16563855653.5
-8951819212.98 27989502200.8 22974897836.3
-6557642001.93 20503668679.6 16830227627.8
-3351538979.8 10479200410.5 8601744936.95
-6453854216.6 20179157162.5 16563855654.5
-7361456192.09 23016940957.6 18893221580.5
-487037081.142 1522810618.98 1249983587.62
-7594786979.34 23746492396.3 19492066449.4
-6942421343.47 21706751759.0 17817766118.8
-6453854216.47 20179157161.7 16563855651.2
-6453854217.1 20179157162.7 16563855653.4
-7594786978.32 23746492396.1 19492066452.2
-7353616639.56 22992429163.8 18873101325.5
-7594786980.61 23746492395.7 19492066451.7
-8211499450.32 25674756878.2 21074862711.1
17329447748.5 -54183692137.0 -44476131873.6
-5164647985.89 16148217775.2 13255100109.5
-5369078762.77 16787408040.7 13779772926.8
-7353616640.94 22992429165.7 18873101327.4
-8880974205.82 27767992307.2 22793073698.5
-9084415769.75 28404089625.6 23315207702.8
-7335466772.78 22935680279.8 18826519583.3
-6453854216.42 20179157162.8 16563855653.7
-5375699884.68 16808110186.1 13796766068.9
-6942421341.26 21706751759.2 17817766118.4
-6453854216.44 20179157165.5 16563855655.2
-8386788345.12 26222829712.9 21524742718.2
-4570524991.77 14290583422.9 11730279868.9
-7153909063.82 22368006845.5 18360550622.4
-6453854216.43 20179157163.5 16563855655.5
-16962120309.3 53035175566.6 43533383763.0
-6549802450.0 20479156880.1 16810107367.6
-5744709800.57 17961887270.1 14743832244.2
-6359795305.36 19885064755.0 16322452893.7
-6453854217.26 20179157164.6 16563855655.2
-7353616640.81 22992429165.5 18873101326.4
-9984178198.73 31217361627.1 25624453370.5
-6168839824.57 19288007466.3 15832364501.4
-6453854217.91 20179157163.5 16563855655.8
-6453854217.88 20179157162.8 16563855653.3
-5370286052.91 16791182852.8 13782871445.0
-8474600548.71 26497390647.1 21750113264.4
-6453854218.13 20179157163.8 16563855652.3
-5350340724.16 16728820138.7 13731681645.4
-5915710674.13 18496552823.7 15182707017.9
-8156021635.47 25501295338.9 20932478576.0
-6453854218.19 20179157163.6 16563855653.0
-11060026419.8 34581198137.2 28385624314.9
-6768155039.69 21161876247.3 17370510605.9
-6536913002.22 20438855661.1 16777026520.3
-5369078762.56 16787408039.0 13779772929.5
-6453854215.97 20179157163.5 16563855655.4
-6676517661.81 20875355203.6 17135322723.0
-6453854217.23 20179157162.9 16563855655.0
-6453854216.36 20179157163.5 16563855654.6
-2791492079.41 8728111210.88 7164381199.24
-4161957447.36 13013122167.0 10681688806.5
-6453854216.64 20179157163.8 16563855655.1
-11701582485.1 36587140668.2 30032181813.1
-6453854217.35 20179157164.0 16563855655.3
-5655300446.1 17682332548.9 14514362596.7
-6453854217.26 20179157164.4 16563855652.2
2475844030.96 -7741179798.75 -6354268597.34
-6453854217.67 20179157163.1 16563855656.8
-6424047470.29 20085960911.5 16487356459.0
-6886724583.83 21532605648.4 17674820062.1
-5655300444.93 17682332547.3 14514362595.7
-6679080792.4 20883369300.6 17141901016.0
-6453854214.04 20179157162.7 16563855659.5
-6453854217.07 20179157163.3 16563855655.3
-7594786979.1 23746492396.1 19492066451.1
-6453854217.72 20179157163.4 16563855652.5
-6453854216.25 20179157164.2 16563855656.1
-2431655180.36 7603015247.67 6240857640.58
-2579946186.36 8066674230.54 6621447393.58
-6424047469.88 20085960910.1 16487356458.6
1866096171.9 -5834691451.88 -4789347054.16
-2674005095.39 8360766638.51 6862850149.94
-6453854217.58 20179157162.4 16563855655.0
-6453854218.12 20179157166.3 16563855654.7
-4660283322.3 14571229283.2 11960645166.6
-6453854217.05 20179157163.0 16563855654.3
-6990905233.54 21858345520.5 17942200313.0
-6359795307.0 19885064755.4 16322452896.2
-6453854217.25 20179157163.5 16563855653.8
-11515825653.8 36006337913.4 29555435789.1
-6453854216.7 20179157164.6 16563855653.4
-8484830852.8 26529377559.8 21776369392.5
853340362.355 -2668124930.62 -2190103177.3
-6453854218.88 20179157162.1 16563855651.4
-9084415771.84 28404089622.1 23315207699.1
-6453854217.83 20179157164.9 16563855652.6
-4149399217.79 12973856566.9 10649458039.0
-5655300446.03 17682332545.6 14514362594.2
-6453854215.91 20179157165.2 16563855654.8
-6453854216.93 20179157163.3 16563855655.3
-6453854216.95 20179157163.4 16563855652.5
-5915710674.04 18496552820.2 15182707015.6
-6453854217.78 20179157164.0 16563855654.5
-6453854217.28 20179157163.6 16563855655.6
1772037263.07 -5540599043.84 -4547944295.62
-7193391860.09 22491457039.9 18461883461.3
-6453854216.75 20179157164.3 16563855654.8
-5389992490.32 16852798636.8 13833448134.5
-6453854216.78 20179157162.0 16563855655.1
-7372551117.26 23051631275.4 18921696773.8
-6453854217.85 20179157164.4 16563855655.0
-19623213099.6 61355569559.2 50363094426.3
-3864384826.09 12082706874.0 9917966885.38
-6359795307.17 19885064755.0 16322452896.8
-6453854217.28 20179157165.9 16563855657.1
-2791492079.43 8728111211.06 7164381203.31
3038294389.86 -9499783841.46 -7797800802.0
-7225441572.19 22591666344.1 18544139248.2
-6453854216.77 20179157163.8 16563855656.0
-5915710675.13 18496552823.4 15182707017.1
-8790358929.1 27484667056.3 22560509050.8
6390521536.99 -19981135959.3 -16401311964.0
-7353616641.24 22992429164.8 18873101324.7
-5369078763.6 16787408037.5 13779772926.2
2705256551.06 -8458480061.07 -6943057214.99
-4149399216.78 12973856568.3 10649458040.8
-7127349194.25 22284962553.3 18292384563.2
-2674005094.33 8360766637.74 6862850151.46
-7019420495.7 21947503713.7 18015384907.6
-7526525061.65 23533059008.5 19316871828.7
-6453854218.82 20179157168.2 16563855654.8
-5389992490.32 16852798636.3 13833448132.7
-6453854216.57 20179157165.5 16563855656.6
7039792267.88 -22011199808.5 -18067669190.6
-6453854217.27 20179157164.3 16563855657.2
-2887440311.68 9028110929.76 7410632917.0
-9758244725.76 30510939261.5 25044593769.6
-4783081726.61 14955180982.5 12275808005.2
-2791492079.92 8728111213.24 7164381199.21
-9717709999.91 30384200018.0 24940561152.0
-6453854217.46 20179157164.7 16563855653.4
-9717710002.67 30384200019.7 24940561150.8
-6453854217.4 20179157162.9 16563855655.4
-6453854217.08 20179157163.2 16563855655.6
-6453854217.29 20179157163.8 16563855653.8
-8307447682.49 25974756596.3 21321114425.4
-5413346181.67 16925818236.5 13893385528.1
-8943979660.41 27964990406.0 22954777580.4
-7391624079.81 23111266387.0 18970647650.3
-6896863699.81 21564307431.2 17700842146.4
-7085434542.28 22153908719.5 18184810357.7
-6453854218.21 20179157163.0 16563855654.6
-6453854217.38 20179157164.3 16563855652.1
-6942421342.22 21706751757.3 17817766123.1
-6453854218.4 20179157163.9 16563855651.5
-6453854218.26 20179157162.3 16563855656.0
-6453854216.46 20179157163.7 16563855654.2
-7690735212.54 24046492113.6 19738318161.6
-11106961088.9 34727947973.2 28506082422.7
-6502338106.21 20330750925.1 16688289851.5
-5369078761.89 16787408038.9 13779772925.3
-6839363653.1 21384523015.6 17553267938.3
-6942421343.19 21706751757.8 17817766119.5
-6502338108.7 20330750925.0 16688289848.2
-5389992490.23 16852798636.3 13833448134.3
-6453854216.22 20179157163.7 16563855655.3
-6453854215.87 20179157164.5 16563855657.6
-6779960773.71 21198789027.8 17400810084.0
3469659925.3 -10848527205.2 -8904903071.08
-2241648040.63 7008923118.93 5753203165.95
-6453854216.6 20179157162.6 16563855654.4
-6453854221.52 20179157164.9 16563855653.0
-9084415771.41 28404089625.8 23315207705.0
-344421755.595 1076897688.53 883960501.41
-6453854216.65 20179157163.0 16563855655.4
2110629893.99 -6599270916.2 -5416944322.36
-6453854217.98 20179157164.7 16563855656.2
-7193391859.22 22491457043.3 18461883460.3
-5369078762.43 16787408039.8 13779772926.1
-5655300442.9 17682332548.3 14514362596.8
-5683921533.26 17771821616.7 14587818784.4
-6453854216.43 20179157164.5 16563855657.6
-6453854216.67 20179157161.6 16563855653.5
-6453854217.0 20179157164.4 16563855654.4
-6502338106.58 20330750926.5 16688289851.0
-9084415771.62 28404089625.3 23315207703.5
-31251949.8572 97714935.067 80208307.2585
2820384850.48 -8818449763.04 -7238534681.21
-6486796994.67 20282158786.7 16648403483.8
-7353616640.79 22992429164.9 18873101326.2
-2674005096.02 8360766639.37 6862850151.74
-6453854217.03 20179157165.3 16563855654.5
-6453854216.0 20179157164.6 16563855653.9
-6453854217.12 20179157163.9 16563855655.8
-6397517272.62 20003009391.3 16419266552.0
-8211499449.88 25674756880.8 21074862715.8
-6453854216.2 20179157165.0 16563855657.3
-17756111208.7 55517733555.0 45571166197.9
-7594786979.29 23746492396.0 19492066450.5
-3413542737.8 10673066516.4 8760877957.06
20760711395.9 -64912166324.7 -53282490654.4
-9456944519.6 29568868965.9 24271304970.4
-13400691001.7 41899714636.3 34392954052.7
11096494544.5 -34695222397.5 -28479219954.2
14469928340.6 -45242880986.7 -37137158094.0
19076081701.1 -59644863059.3 -48958878410.3
-10753913155.8 33624078934.4 27599982774.3
-13400691002.7 41899714633.4 34392954051.6
10502326287.0 -32837446529.2 -26954283548.1
13052000632.9 -40809470335.4 -33498038109.4
21075178479.4 -65895405254.3 -54089572316.5
-10753913157.2 33624078936.1 27599982776.5
-13169358881.7 41176412393.6 33799238774.7
10633081369.2 -33246276238.9 -27289867254.3
13052000632.5 -40809470333.9 -33498038108.9
20014971601.6 -62580474283.5 -51368544987.8
-10786725747.1 33726673514.8 27684196486.5
-14283725630.0 44660684116.6 36659267732.0
10633081371.0 -33246276237.7 -27289867255.4
13486832159.7 -42169050733.0 -34614035834.4
-1738258366.33 5434983126.68 4461250550.79
-5662268193.13 17704118512.9 14532245385.4
-3167210629.67 9902864084.04 8128665131.97
5931720935.13 -18546611829.0 -15223797436.6
90546867.8847 -283111352.139 -232389064.261
-639338219.37 1999008044.84 1640865398.85
-805439710.763 2518354775.35 2067165870.06
-4812669229.54 15047691755.9 12351744531.6
-2699712315.32 8441144993.1 6928827909.02
-2531841801.68 7916267095.46 6497987227.65
-1105342720.08 3456056446.28 2836868740.21
3958898437.18 -12378220988.2 -10160536635.4
-780850300.791 2441471483.58 2004057006.71
-881116471.866 2754972031.31 2261390742.38
-1738258361.04 5434983126.66 4461250554.58
3450925990.0 -10789952095.8 -8856822286.72
547236996.881 -1711036676.96 -1404487028.22
824108867.575 -2576727291.24 -2115080354.1
653452048.116 -2043137492.43 -1677088600.48
360049563.97 -1125760890.22 -924069357.819
-1471376918.3 4600529416.93 3776297724.54
-1738258362.13 5434983128.04 4461250553.54
-4938767004.45 15441959545.8 12675375231.3
-1738258361.34 5434983128.0 4461250553.14
-1738258362.94 5434983126.61 4461250553.5
-3390055292.14 10599628740.4 8700597309.52
17940834012.9 -56095303237.6 -46045258377.0
-341419526.63 1067510691.52 876255278.818
-653482908.0 2043234003.19 1677167825.71
-1250814749.71 3910901392.3 3210223581.08
-4200549517.11 13133787373.4 10780735614.6
3065218061.44 -9583965636.83 -7866900588.62
-192836169.916 602937599.303 494915188.66
-807584951.082 2525062265.21 2072671649.36
-1649241997.12 5156657160.86 4232789517.69
-204521476.302 639473869.636 524905611.491
-1253065115.14 3917937588.59 3215999173.91
-5177823771.2 16189414295.6 13288915851.9
-722545145.337 2259169739.36 1854416476.86
-1738258361.56 5434983127.06 4461250552.92
-1724113674.74 5390757173.75 4424948131.41
-7490907620.19 23421694551.5 19225459459.4
-1738258361.86 5434983126.41 4461250554.0
-826446633.658 2584036769.94 2121080270.59
-3364158563.75 10518657888.1 8634133207.18
-3055385080.81 9553221036.26 7841664200.38
-5171782707.2 16170525813.1 13273411436.7
-5171782706.96 16170525813.0 13273411436.3
-1085756880.63 3394817745.6 2786601575.78
-2289966944.69 7160001057.72 5877213952.57
-11354348812.3 35501451018.7 29141004521.7
2716648087.42 -8494097763.15 -6972293640.39
-625310423.546 1955147572.52 1604862978.5
-1738258362.98 5434983128.84 4461250553.87
-1274891081.59 3986180464.89 3272015642.99
-3973686351.46 12424458138.6 10198489929.9
-5739947329.11 17946996551.8 14731609347.6
-1738258363.46 5434983126.41 4461250549.61
-1738258361.42 5434983126.58 4461250552.09
-650664497.104 2034421722.23 1669934351.63
-1645060959.86 5143584368.26 4222058850.27
-443247072.197 1385893148.66 1137596279.94
-826446637.413 2584036774.37 2121080271.34
-9181766736.54 28708475274.9 23565059561.9
-2482811578.29 7762965116.81 6372150861.8
19533109.8142 -61073828.8469 -50131827.2266
-540650918.589 1690444128.31 1387583848.42
-1738258362.02 5434983125.75 4461250552.46
-1487520192.49 4651004323.48 3817729537.8
-1738258361.23 5434983127.4 4461250555.15
-4719582608.93 14756639376.2 12112837149.6
-965056033.48 3017424446.5 2476822131.11
-1738258362.25 5434983126.47 4461250552.31
-1109040907.92 3467619525.69 2846360180.66
-4842394874.4 15140634429.4 12428035580.0
-4783719838.51 14957176189.5 12277445753.7
2311006725.24 -7225785752.5 -5931212641.79
-1807320603.01 5650918861.65 4638499200.2
-2953630349.56 9235066230.93 7580510068.3
-4958435534.43 15503456796.5 12725854623.1
-3401980690.73 10636915688.9 8731203920.79
-459717609.647 1437391313.78 1179868024.74
-6339600362.06 19821921584.6 16270622467.1
-2550155750.14 7973529000.21 6544990077.76
-1738258360.55 5434983126.94 4461250552.2
-3119362006.16 9753256609.54 8005861362.64
1394278457.08 -4359466930.97 -3578424030.53
-1740081833.37 5440684544.81 4465930499.84
3813101659.4 -11922360656.8 -9786348319.78
-4684339092.55 14646444079.8 12022384464.0
-2630530081.74 8224834075.94 6751271290.69
-2453837958.27 7672373792.77 6297789895.05
612684979.833 -1915671784.73 -1572459672.23
-763625772.444 2387615844.65 1959850153.28
-2205907332.41 6897173267.27 5661474438.56
-1738258362.14 5434983126.91 4461250552.86
-2507758547.06 7840966387.14 6436177407.36
-1228862056.68 3842262293.43 3153881877.78
-3815430590.88 11929642520.2 9792325572.94
-2879849024.24 9004375392.18 7391149839.66
550964367.93 -1722690979.42 -1414053342.83
-1801336479.71 5632208411.48 4623140917.93
-527711795.886 1649987587.24 1354375505.83
-317996096.607 994273040.298 816138895.672
-6729622373.14 21041396831.8 17271616306.6
-3900857502.82 12196745397.3 10011574252.5
-5551747630.89 17358555730.2 14248593695.7
-193530989.419 605110095.708 496698467.795
957601254.646 -2994115690.81 -2457689370.82
-1798214582.95 5622447236.24 4615128561.26
663122247.938 -2073373149.51 -1701907229.6
-757127782.218 2367298687.92 1943173023.82
-1679135694.14 5250125276.88 4309511872.05
-1738258362.48 5434983124.73 4461250547.88
-5074251916.37 15865577933.7 13023098073.2
-1738258361.79 5434983127.25 4461250554.61
1229059014.51 -3842878082.69 -3154387333.19
-1408870528.32 4405091742.7 3615874700.22
-12770163141.5 39928253816.1 32774700517.9
-1738258360.82 5434983125.99 4461250550.61
584513166.569 -1827587450.79 -1500156543.92
-5802649602.81 18143046697.2 14892535115.4
1391061724.26 -4349409230.4 -3570168269.48
10648262072.3 -33293741467.5 -27328828604.9
-5390752872.21 16855176141.7 13835399687.2
-2332450840.98 7292834738.01 5986249124.55
-291055236.033 910037522.581 746995038.319
-1738258362.09 5434983126.94 4461250552.83
-3240399059.93 10131701120.2 8316503684.71
-3989665061.73 12474418482.9 10239499374.5
-172747948.852 540128114.811 443358666.058
-2339904681.69 7316140530.86 6005379452.2
1505610342.79 -4707566457.65 -3864157980.83
-1972378465.46 6167002509.88 5062121208.36
-6441475047.2 20140451442.8 16532084453.2
-3681413126.51 11510612358.3 9448368937.22
-1517626072.72 4745135870.66 3894996456.03
-440542486.301 1377436790.9 1130654968.84
-1471376917.19 4600529416.1 3776297724.54
-1159614058.78 3625745745.59 2976156474.66
15308815558.8 -47865815501.8 -39290167178.8
-2802996483.92 8764081869.61 7193907353.0
616383171.861 -1927234861.39 -1581951110.21
-4211607947.98 13168363582.2 10809117142.0
-4480098870.58 14007849619.3 11498200708.7
-1738258363.58 5434983128.04 4461250553.06
326069520.247 -1019516057.71 -836859368.505
-3785670946.72 11836593542.9 9715947280.62
-1738258360.76 5434983126.11 4461250551.73
-2129581476.55 6658526512.34 5465583680.92
-985062253.021 3079977533.3 2528168191.73
-3381236984.87 10572056685.9 8677965064.8
-35411945.0045 110721947.172 90884986.8684
-4217579956.68 13187036159.4 10824444336.5
-1738258361.47 5434983126.87 4461250552.05
-1018268680.57 3183803530.27 2613392708.31
-4842394873.55 15140634425.3 12428035590.6
-3297613808.03 10310593510.9 8463345684.31
3650285654.7 -11413286608.7 -9368480074.9
-8757306101.08 27381321356.4 22475678783.3
2110125482.87 -6597693757.16 -5415649724.99
11228173939.5 -35106942153.7 -28817175932.6
1839067033.01 -5750179869.24 -4719976580.53
868346875.459 -2715045530.47 -2228617473.21
3065218063.2 -9583965633.94 -7866900586.26
-2751749557.61 8603848961.67 7062381801.37
-1250814747.02 3910901391.27 3210223580.33
-1398503578.31 4372677566.94 3589267850.35
-1375046625.78 4299335116.89 3529065450.18
-5171782707.81 16170525814.8 13273411436.2
-929481359.044 2906193705.21 2385519509.23
848720196.469 -2653679114.95 -2178245470.99
-2145226948.99 6707444953.2 5505737884.59
-921426913.825 2881010008.48 2364847728.9
-2409065984.43 7532386013.22 6182882347.0
-1738258361.0 5434983127.21 4461250555.0
947410874.209 -2962253605.7 -2431535701.49
-4792842721.72 14985700532.5 12300859667.9
-5061607977.28 15826044345.3 12990647343.8
-317996095.987 994273042.409 816138896.756
-10301753605.5 32210319341.5 26439512603.9
1538581443.47 -4810656646.22 -3948778508.73
-2301995402.43 7197610215.19 5908085047.52
2394017366.05 -7485333725.37 -6144259952.57
3998036715.99 -12500593984.8 -10260985266.6
-324095073.389 1013342617.82 831791972.179
-3198689366.79 10001288134.5 8209455515.22
-4812669227.36 15047691753.3 12351744534.1
-17669631.2353 55247351.2045 45349231.878
-1738258362.07 5434983126.09 4461250552.26
1200680189.8 -3754146484.55 -3081552902.44
-2317499731.39 7246087344.52 5947877004.83
-1454562143.31 4547954944.44 3733142504.95
-3656242969.41 11431913270.4 9383769601.2
690290635.27 -2158320082.47 -1771635057.92
1115287168.09 -3487149571.15 -2862391207.21
-598313267.336 1870736006.59 1535574601.53
360049565.321 -1125760891.41 -924069355.158
2394017366.94 -7485333726.21 -6144259954.59
-2177461902.11 6808233427.28 5588469075.54
-954600913.436 2984734600.21 2449989005.4
-6686448366.66 20906405394.4 17160809958.1
-4524108848.93 14145454879.9 11611152583.3
-1738258360.78 5434983128.32 4461250556.65
-15552952894.5 48629155624.3 39916747156.0
78051066.8566 -244040943.599 -200318518.489
-1738258365.35 5434983127.43 4461250554.16
19064954408.8 -59610071542.9 -48930320149.3
-9456944520.85 29568868966.2 24271304971.2
-13169358882.9 41176412394.5 33799238774.2
10633081370.0 -33246276238.2 -27289867253.7
13493646485.6 -42190356974.0 -34631524845.3
20417445379.8 -63838882260.5 -52401496360.0
-9468053534.42 29603603334.8 24299816321.4
-13169358882.8 41176412395.1 33799238772.0
10633081369.8 -33246276239.2 -27289867255.3
13493646485.5 -42190356972.2 -34631524845.8
20672704702.3 -64636997278.4 -53056620946.3
-9708896720.83 30356643662.3 24917941807.5
-13169358882.6 41176412394.0 33799238772.4
10633081370.1 -33246276238.0 -27289867255.5
12670660039.4 -39617139126.4 -32519325181.7
19960275188.3 -62409455931.5 -51228166316.7
-10753913157.6 33624078936.3 27599982774.0
-13400691003.8 41899714635.1 34392954049.3
10633081369.5 -33246276239.4 -27289867260.6
13685330630.6 -42789692562.9 -35123483361.6
19076081702.0 -59644863056.7 -48958878410.1
-10765022169.4 33658813304.4 27628494122.2
-13400691001.6 41899714634.9 34392954050.1
10633081370.4 -33246276238.5 -27289867254.4
13493646486.4 -42190356974.1 -34631524845.3
20329438686.7 -63563713209.5 -52175626647.4
-10753913155.4 33624078936.8 27599982777.6
-13142254736.0 41091666320.2 33729675821.7
10445080852.4 -32658458188.4 -26807362795.5
13486832160.1 -42169050734.2 -34614035835.5
20014971602.4 -62580474285.4 -51368544988.8
-9888956520.38 30919633608.1 25380066371.0
-13169358881.1 41176412393.1 33799238772.4
10633081369.4 -33246276237.9 -27289867253.5
13486832159.0 -42169050734.4 -34614035834.2
20987171785.1 -65620236206.4 -53863702605.4
-10753913155.4 33624078935.1 27599982775.2
-13400691002.7 41899714634.4 34392954049.5
10633081369.5 -33246276238.2 -27289867253.9
13493646484.7 -42190356973.5 -34631524844.9
20102978295.2 -62855643333.2 -51594414700.6
-10617082333.8 33196252303.8 27248805639.5
-13169358881.8 41176412393.8 33799238770.0
10633081368.4 -33246276239.2 -27289867256.1
13052000632.3 -40809470333.9 -33498038109.5
20014971605.4 -62580474285.7 -51368544993.0
-10786725746.8 33726673513.0 27684196488.9
-13169358880.7 41176412396.1 33799238774.1
10445080853.9 -32658458184.1 -26807362790.7
13493646486.3 -42190356972.9 -34631524846.5
14797539003.2 -46267215718.9 -37977972833.0
17913735686.1 -56010575336.7 -45975710354.9
14462808717.1 -45220620184.7 -37118885548.9
17845002279.7 -55795667766.7 -45799305661.0
17850859815.4 -55813982428.4 -45814339061.1
14121353372.0 -44152997510.3 -36242538349.3
17845002278.3 -55795667765.5 -45799305653.9
17266465965.1 -53986768028.7 -44314488729.8
16581381233.2 -51844725134.8 -42556214636.8
13371372740.7 -41808045722.9 -34317708555.0
18082267712.3 -56537521588.2 -46408248808.6
17729960548.7 -55435968727.9 -45504050367.3
17850859814.3 -55813982428.9 -45814339063.1
17845002283.0 -55795667768.8 -45799305656.3
17845002278.6 -55795667767.8 -45799305659.7
16272839730.6 -50880013633.2 -41764341024.7
12799404193.5 -40019681300.4 -32849747829.2
10354890409.3 -32376461267.1 -26575888504.3
16937331950.3 -52957670260.0 -43469764308.0
11351253365.1 -35491772518.2 -29133060020.3
13667027181.3 -42732463470.7 -35076507449.3
6444233188.16 -20149075272.6 -16539163238.3
13387626829.2 -41858867110.5 -34359424774.0
9472463427.34 -29617391694.8 -24311134346.5
17845002278.6 -55795667766.3 -45799305658.0
17278235612.9 -54023567988.9 -44344695603.1
32523045313.9 -101689257477.0 -83470591384.6
17696964142.2 -55332799423.4 -45419364892.9
16506335690.8 -51610081511.9 -42363609803.2
14630209499.6 -45744029381.0 -37548520654.1
12014633499.1 -37565952002.7 -30835629124.5
18433238796.8 -57634896972.7 -47309018217.0
14180785979.1 -44338824440.6 -36395072490.3
15237549631.1 -47642989544.6 -39107262767.5
11140761280.3 -34833630473.5 -28592830821.3
15070461970.7 -47120559362.7 -38678431271.6
14914871351.6 -46634076806.3 -38279107018.0
20689779927.6 -64690386079.8 -53100444602.2
17766098670.0 -55548961185.2 -45596799072.4
15788277712.8 -49364941749.3 -40520709695.9
22274862465.0 -69646436925.3 -57168568465.4
10454959687.2 -32689346211.9 -26832716917.0
21180813459.9 -66225692351.3 -54360685119.8
20880502115.6 -65286713913.6 -53589934228.7
20293755364.7 -63452142755.2 -52084045180.9
21763980178.0 -68049069889.7 -55857386002.4
17481242272.8 -54658305490.5 -44865713416.2
12264418046.0 -38346949126.9 -31476702662.6
17647122787.3 -55176961299.1 -45291446754.7
18288579567.6 -57182593397.7 -46937749436.1
6010908557.39 -18794206442.5 -15427032955.5
17900483871.9 -55969141133.1 -45941699509.3
5006205821.4 -15652819340.1 -12848457344.7
17468743031.6 -54619224322.5 -44833634039.0
14060028392.6 -43961253727.3 -36085147417.1
16969190540.0 -53057281967.2 -43551529564.7
17845002279.3 -55795667766.4 -45799305658.7
19227291992.2 -60117649711.2 -49346960526.4
13180331265.8 -41210719549.4 -33827399450.2
17730475013.4 -55437577291.8 -45505370738.3
12004800369.3 -37535206919.9 -30810392337.9
21690315825.4 -67818744809.1 -55668326001.7
17484006817.9 -54666949341.7 -44872808634.7
15804524830.1 -49415741326.8 -40562408013.3
17827044082.6 -55739518177.4 -45753215838.7
18273643726.1 -57135893749.0 -46899416509.6
8360296181.0 -26139997118.7 -21456750422.5
13029795218.6 -40740041032.3 -33441047782.1
13092705253.3 -40936740781.2 -33602506767.0
19101592010.3 -59724625693.7 -49024350761.6
17845002279.2 -55795667765.6 -45799305659.6
19542681074.7 -61103771437.6 -50156408497.4
12601729759.5 -39401615977.6 -32342415205.2
9659035728.26 -30200744165.7 -24789973280.2
17391478079.2 -54377641298.5 -44635333076.3
17019112975.7 -53213373608.2 -43679655795.8
15722846386.4 -49160358719.7 -40352779802.4
15262563965.8 -47721201429.5 -39171462197.0
16428763905.0 -51367539118.9 -42164521356.4
13682919781.0 -42782154589.3 -35117295894.4
21331024016.1 -66695353159.8 -54746201413.2
15529840683.3 -48556891035.0 -39857429498.3
21343526974.5 -66734445939.4 -54778290322.6
14571578503.1 -45560708832.4 -37398043853.0
17800172834.3 -55655500297.0 -45684250621.6
16880882560.4 -52781170908.4 -43324886611.9
10284260058.8 -32155622532.1 -26394615280.8
21674703306.3 -67769929404.1 -55628256376.7
18333249831.0 -57322263151.6 -47052395935.2
16744261737.3 -52354000872.6 -42974248442.8
19526990408.6 -61054711693.4 -50116138306.0
17920265615.8 -56030992375.8 -45992469470.5
15272254855.4 -47751501774.2 -39196333922.5
16896925527.0 -52831332167.5 -43366060969.8
19269378284.2 -60249240208.2 -49454975240.9
4775478758.34 -14931408918.6 -12256294948.1
17494507713.7 -54699782314.6 -44899759248.1
22974844037.8 -71835057504.2 -58965075380.5
22447109420.7 -70184998581.1 -57610641315.5
17990778585.0 -56251464085.7 -46173441426.8
18011458736.0 -56316124365.0 -46226517156.5
20937632890.6 -65465343764.2 -53736560722.8
13688023019.6 -42798110801.2 -35130393395.1
13992630508.6 -43750521904.7 -35912170344.3
20017336673.4 -62587869097.1 -51374614948.0
17330665962.5 -54187501080.7 -44479258411.8
-995915811.067 3113913182.11 2556023925.37
19560004721.3 -61157936988.6 -50200869737.9
15852998825.4 -49567304152.5 -40686816813.6
17981265411.5 -56221719399.9 -46149025800.9
19205856154.3 -60050626636.5 -49291945313.4
25933131158.0 -81084683973.2 -66557537066.1
18927547722.9 -59180444353.5 -48577665050.1
18043519171.0 -56416367184.2 -46308800459.3
20295219002.8 -63456719090.9 -52087801614.2
21331024015.6 -66695353159.8 -54746201410.6
16873648570.4 -52758552498.2 -43306320522.2
11338230464.0 -35451054039.4 -29099636673.3
6561746540.67 -20516502272.3 -16840761946.3
16289476054.3 -50932030143.2 -41807038248.0
17159342149.7 -53651825803.2 -44039554815.1
19209902263.9 -60063277542.2 -49302329682.3
20269251460.1 -63375526817.4 -52021155762.9
24315246856.1 -76026072386.4 -62405227249.5
16350038407.8 -51121389432.5 -41962471888.6
16918815682.8 -52899775750.4 -43422242190.0
17096954797.8 -53456760307.0 -43879437290.3
4732633017.51 -14797443861.0 -12146331095.2
9452419297.89 -29554720056.4 -24259690971.6
2327160603.53 -7276293827.17 -5972671687.99
17840533457.0 -55781695175.9 -45787836400.8
17845002279.1 -55795667766.6 -45799305655.7
18610411665.6 -58188860389.2 -47763733453.7
8439952071.09 -26389055850.1 -21661187747.1
18611685459.5 -58192843143.9 -47767002652.5
17677271871.2 -55271227928.3 -45368824556.3
19832888846.9 -62011159189.6 -50901228498.0
15232013942.3 -47625681191.2 -39093055377.4
17387963741.5 -54366653081.3 -44626313504.5
16890102860.3 -52809999852.0 -43348550560.4
32095810440.9 -100353429391.0 -82374090501.9
14456951183.8 -45202305526.9 -37103852146.6
24463352694.8 -76489152435.5 -62785341803.6
25089615153.7 -78447276701.7 -64392648167.3
18186502559.5 -56863430948.3 -46675768192.2
20872350499.7 -65261226418.7 -53569013080.1
16543120320.9 -51725095398.6 -42458017786.9
17315903359.7 -54141343093.5 -44441370095.3
17055807864.2 -53328106899.6 -43773833451.7
16776995808.7 -52456349944.4 -43058260631.4
20872350500.4 -65261226413.4 -53569013077.0
17639644524.5 -55153579136.5 -45272253745.4
19479341310.5 -60905728065.8 -49993846612.4
18186999085.3 -56864983417.9 -46677042521.5
23108121127.8 -72251772738.9 -59307131835.7
16319686742.5 -51026489393.9 -41884574160.6
18086192091.2 -56549791892.0 -46418320769.1
21347005019.0 -66745320694.0 -54787216753.1
15896704357.4 -49703957501.3 -40798987328.8
18021411418.9 -56347243240.3 -46252060763.7
22531626153.3 -70449255615.3 -57827554009.7
20654275381.7 -64579374617.0 -53009321969.3
19720650450.9 -61660225288.1 -50613167977.2
5865066998.86 -18338206109.9 -15052729728.4
17683267134.8 -55289973221.2 -45384211445.9
20133916684.9 -62952377856.8 -51673818252.1
7647311317.37 -23910719358.7 -19626870474.1
12730557426.1 -39804419273.1 -32673052189.9
15776098157.0 -49326860131.6 -40489450791.3
14977867877.0 -46831046976.6 -38440787979.0
16185336150.1 -50606417658.5 -41539762554.5
22107480041.4 -69123085125.3 -56738980466.1
17749318393.1 -55496494571.5 -45553732390.9
9359818835.23 -29265187761.8 -24022031332.1
19797046446.3 -61899091357.7 -50809238757.7
15992736756.0 -50004220382.1 -41045455049.1
15990185506.0 -49996243436.3 -41038907259.8
17815863500.8 -55704560038.0 -45724520806.7
15159505614.8 -47398970621.5 -38906962319.3
7560717731.16 -23639968654.5 -19404627519.1
18865150501.1 -58985348017.0 -48417522212.6
9346955180.58 -29224967177.7 -23989016678.3
19414761786.1 -60703808353.8 -49828102875.5
18107272620.7 -56615704020.4 -46472424064.0
17863125460.5 -55852333212.1 -45845818913.5
16936017341.7 -52953559893.9 -43466390353.8
18895088921.0 -59078955972.9 -48494359353.8
17644196352.1 -55167811256.1 -45283936036.9
16226686487.5 -50735707067.9 -41645888451.1
23065763741.0 -72119334619.8 -59198421353.4
17124063703.9 -53541521280.7 -43949012470.0
11941501582.2 -37337291668.5 -30647935617.0
16550091120.1 -51746890877.3 -42475908384.5
26262051950.8 -82113115066.2 -67401714256.1
19328026597.2 -60432614895.2 -49605496483.7
15921565893.9 -49781691648.6 -40862794610.0
13214044784.7 -41316131047.6 -33913925402.5
9208980551.47 -28793564231.1 -23634903962.1
15331723628.5 -47937441785.5 -39348960893.8
16185379720.8 -50606553897.2 -41539874382.5
17845002279.7 -55795667768.0 -45799305658.7
17845002275.8 -55795667766.9 -45799305652.2
14180785977.4 -44338824442.7 -36395072491.0
2827892058.94 -8841922416.3 -7257801967.52
1423027824.23 -4449357100.35 -3652209457.48
17845002279.2 -55795667767.2 -45799305658.2
20872350501.7 -65261226415.9 -53569013078.9
20102978297.7 -62855643332.2 -51594414701.3
-10753913155.4 33624078936.7 27599982775.4
-13169358881.9 41176412394.7 33799238772.0
10633081369.2 -33246276236.3 -27289867252.1
13493646485.1 -42190356972.1 -34631524843.0
19076081700.5 -59644863057.9 -48958878407.9
-10753913156.3 33624078936.7 27599982776.0
-13400691003.4 41899714636.3 34392954051.3
10633081370.0 -33246276240.2 -27289867256.2
13052000632.1 -40809470332.9 -33498038108.0
20014971601.6 -62580474283.6 -51368544985.0
-10753913157.9 33624078937.3 27599982775.2
-13169358882.5 41176412394.9 33799238773.6
10633081370.3 -33246276238.7 -27289867258.2
13493646484.8 -42190356973.3 -34631524844.5
-733496119.521 2293409977.66 1882522225.37
-2317860068.86 7247214026.9 5948801824.75
171563788.292 -536425576.081 -440319481.111
-864831996.354 2704055651.5 2219596535.67
5119170102.26 -16006022826.7 -13138380837.8
-772628033.326 2415763073.17 1982954508.75
-1815291952.02 5675842767.91 4658957725.54
3286641959.2 -10276287975.3 -8435186337.13
-235834129.79 737378629.373 605269729.236
318708200.458 -996499535.614 -817966504.548
-510085274.846 1594875058.24 1309136942.16
302241963.317 -945014830.267 -775705808.471
-894554549.739 2796988654.28 2295879645.06
15865926.1015 -49607700.3154 -40719984.0052
-720061154.93 2251403101.66 1848041300.59
4830663816.37 -15103955094.4 -12397927725.8
-1479948940.4 4627331416.04 3798297858.49
-733496120.43 2293409982.54 1882522220.52
1859282967.88 -5813388683.17 -4771860904.86
-1411123734.89 4412136816.06 3621657565.08
-3300229313.14 10318771376.3 8470058392.46
-4765782633.31 14901092241.8 12231409805.9
-2993601891.18 9360044592.1 7683097274.08
234883574.604 -734406487.441 -602830092.105
-733496120.405 2293409980.52 1882522217.23
-907595186.724 2837762589.29 2329348516.98
18981403274.8 -59348833583.7 -48715885636.7
-1437823938.72 4495619899.4 3690183804.39
3390836432.65 -10602071080.6 -8702602080.32
-1484737245.87 4642302939.33 3810587083.43
-4801636847.44 15013197004.1 12323429860.2
-316133036.496 988447868.303 811357357.79
2573056832.41 -8045133389.91 -6603765814.44
-3674655595.08 11489483726.4 9431025703.22
5958847495.49 -18631427976.2 -15293417918.2
-858393959.797 2683925946.45 2203073278.33
-2341640611.09 7321568248.06 6009834725.07
-5480739138.18 17136534688.5 14066349972.6
-733496122.547 2293409980.62 1882522212.19
32546360.8659 -101762137.278 -83530421.6745
-733496121.236 2293409977.61 1882522218.08
-11618745153.9 36328134587.9 29819579312.4
-504529597.699 1577504212.51 1294878263.35
1646114443.7 -5146878249.95 -4224762594.95
-733496120.009 2293409981.1 1882522217.99
-480445159.569 1502199805.48 1233065408.07
-2432841591.72 7606724815.31 6243902593.85
3269396690.71 -10222367495.6 -8390926257.58
-733496121.036 2293409980.28 1882522219.75
11367614.1197 -35542902.1036 -29175036.0377
-2420431756.86 7567923194.63 6212052670.61
-922767208.058 2885200698.18 2368287602.84
-733496121.0 2293409980.26 1882522219.62
-3952291080.85 12357561929.5 10143578845.7
-733496118.321 2293409982.5 1882522221.27
-772628033.384 2415763074.71 1982954511.77
-733496119.249 2293409981.42 1882522214.9
-62781293.1772 196297226.107 161128572.907
737804933.426 -2306882227.72 -1893580788.54
-733496118.737 2293409977.37 1882522221.17
-5662313767.16 17704261017.9 14532362348.3
-1233233061.39 3855929048.8 3165100079.7
-656769461.503 2053510020.31 1685602782.29
-864831996.616 2704055652.67 2219596531.57
2320435264.77 -7255265796.8 -5955411047.75
-484204433.052 1513953860.99 1242713602.96
1027667208.56 -3213189708.44 -2637514047.42
857513517.831 -2681173032.84 -2200813583.71
-832246068.963 2602169780.22 2135964561.35
-2907009389.59 9089297269.8 7460857094.67
2226715988.39 -6962235320.33 -5714879967.62
-733496121.412 2293409980.12 1882522221.61
2906935654.79 -9089066675.18 -7460667823.57
-392186359.59 1226242511.59 1006548673.42
1433860157.07 -4483226356.68 -3680010702.35
-1981586821.31 6195794132.98 5085754508.25
-4175599937.81 13055777954.5 10716702367.6
-635644291.573 1987458315.82 1631384909.1
1433860158.02 -4483226355.52 -3680010702.44
-4542371787.76 14202557317.4 11658024529.5
-733496121.151 2293409981.7 1882522222.01
-3300229310.02 10318771376.6 8470058391.92
-1113811575.58 3482535904.26 2858604122.08
-2475253696.23 7739334026.95 6352753510.65
-792963624.202 2479346014.03 2035145917.38
-733496121.06 2293409981.0 1882522220.7
-1131150658.89 3536749721.26 2903104986.62
1173928894.05 -3670503656.86 -3012895552.63
-1406394034.29 4397348546.98 3609518761.06
-427093328.079 1335385529.25 1096137605.32
3570665102.51 -11164338349.6 -9164133438.42
1811010029.9 -5662454502.67 -4647968116.41
145682946.374 -455504385.02 -373896145.006
-667668197.663 2087586925.64 1713574459.38
-491871973.788 1537927831.0 1262392381.36
-1393183925.2 4356044714.64 3575614935.2
1816856253.14 -5680733787.0 -4662972483.51
3181588521.87 -9947819162.22 -8165566060.75
139053296.321 -434775575.014 -356881110.887
-733496120.32 2293409971.95 1882522223.67
1489312265.41 -4656607524.24 -3822328868.97
-5939625230.32 18571326091.0 15244083885.6
-733496119.742 2293409979.92 1882522224.73
-1510358496.42 4722412468.71 3876344175.24
-6072709884.42 18987439636.1 15585646448.1
-255264244.684 798130430.395 655137230.366
-9104417584.36 28466628988.1 23366542492.8
-5461537380.47 17076496878.5 14017068547.0
1059244138.42 -3311920760.1 -2718556435.08
-3749704282.85 11724137189.7 9623638608.61
-2715514610.6 8490553767.46 6969384587.5
-733496120.011 2293409980.04 1882522219.72
-772628034.177 2415763071.62 1982954509.52
-733496121.875 2293409980.22 1882522223.41
-1916266897.29 5991559424.18 4918110530.14
-733496120.646 2293409980.49 1882522218.98
-4291401434.25 13417852541.5 11013907601.3
-1393183924.84 4356044713.18 3575614934.71
-14779367223.9 46210398352.7 37931334873.7
922797857.243 -2885296469.84 -2368366234.14
-481991937.107 1507036088.84 1237035220.69
-165099771.491 516214699.695 423729571.838
-274649301.602 858741364.786 704889095.697
9239897446.36 -28890231523.4 -23714252323.2
-733496120.194 2293409980.92 1882522220.18
-698764665.587 2184815718.65 1793383727.92
-2027664222.61 6339863564.15 5204012434.29
317846273.586 -993804553.265 -815754352.508
-646136034.329 2020262661.94 1658312031.49
-733496118.654 2293409982.11 1882522220.11
1024644760.91 -3203739477.12 -2629756925.02
-733496120.029 2293409980.7 1882522220.99
-62781291.8016 196297231.5 161128580.138
-2095641071.27 6552405635.55 5378475426.97
424049546.093 -1325868541.4 -1088325699.71
-772628033.898 2415763073.78 1982954510.81
-1484737245.44 4642302939.42 3810587085.13
424049547.831 -1325868541.26 -1088325696.12
-2977547873.51 9309848764.16 7641894539.83
-757276660.886 2367764197.72 1943555123.3
8526970906.64 -26661136148.8 -21884522088.9
415978308.954 -1300632337.31 -1067610814.56
-844958997.829 2641919072.44 2168592360.17
-30970187.5933 96833991.5917 79485189.5952
681007819.474 -2129295640.77 -1747810649.68
-1259310367.86 3937464521.53 3232027646.15
-3902615963.62 12202243552.6 10016087344.4
-267939033.472 837760485.796 687667157.14
-2022777218.65 6324583451.3 5191469909.91
-1896006532.75 5928211685.52 4866112181.55
-225325237.491 704520646.465 578298591.019
-698764663.674 2184815721.27 1793383730.34
2857147119.89 -8933393701.86 -7332885249.77
-733496121.361 2293409980.13 1882522220.66
5786902114.96 -18093809255.9 -14852119065.7
-733496122.103 2293409979.68 1882522222.26
-3234798974.54 10114191439.1 8302131030.91
-733496121.615 2293409980.76 1882522220.47
512454795.042 -1602283752.51 -1315218308.05
-864831997.554 2704055649.35 2219596541.4
-5662313766.12 17704261018.1 14532362350.5
2660473244.11 -8318456811.27 -6828120567.04
-757276660.878 2367764196.79 1943555120.22
-733496120.788 2293409981.09 1882522215.06
-90213636.1721 282069479.337 231533852.74
-7332515824.94 22926453636.2 18818945975.8
-1170282572.18 3659102815.16 3003537271.73
-668065782.413 2088830045.43 1714594862.69
-2252032148.58 7041390975.5 5779854064.42
1146570709.83 -3584963282.32 -2942680608.14
-1164217400.63 3640138950.45 2987970968.32
-706800111.411 2209940019.11 1814006753.31
139692055.982 -436772768.605 -358520487.338
3247510044.77 -10153934882.3 -8334754046.56
-1393183924.6 4356044713.94 3575614933.64
-1236318732.0 3865576952.85 3173019466.46
3713303900.37 -11610324678.3 -9530216776.94
-2378214122.92 7435922027.32 6103700862.35
-131611569.061 411507699.707 337781898.794
-484204434.232 1513953866.47 1242713608.14
1790886667.19 -5599535129.01 -4596321392.97
-733496117.341 2293409982.58 1882522222.57
327500012.941 -1023988742.77 -840530738.276
2343539881.76 -7327506618.92 -6014709192.98
-1492904937.45 4667840723.5 3831549515.87
-1640707204.45 5129971576.31 4210884917.77
252128842.573 -788326971.951 -647090164.048
-5662313766.25 17704261018.5 14532362352.1
-2317885392.54 7247293208.58 5948866814.99
-746706232.097 2334713809.74 1916426046.85
-864831996.919 2704055651.14 2219596534.6
80097419.6512 -250439229.0 -205570495.917
-1520829190.04 4755151020.36 3903217282.86
-259114921.537 810170281.248 665020018.349
68554586.146 -214348438.757 -175945735.784
27607789.6423 -86320781.1585 -70855544.7919
-4149301512.06 12973551112.1 10649207300.9
-4192845202.77 13109698436.4 10760962451.8
842311536.683 -2633641257.48 -2161797612.48
3286641958.15 -10276287975.7 -8435186338.36
5722547624.27 -17892593151.0 -14686952871.3
252128841.372 -788326970.838 -647090177.888
-2644616277.81 8268877154.74 6787423594.37
-1102486201.57 3447125046.8 2829537482.37
-12689263776.6 39675307143.2 32567071810.0
-1279447579.92 4000427205.83 3283709925.13
-733496119.368 2293409978.42 1882522220.44
19076081700.1 -59644863058.4 -48958878409.2
-9898796017.64 30950398602.3 25405319502.1
-13169358882.4 41176412394.7 33799238774.5
10445080853.3 -32658458187.8 -26807362792.1
13486832159.3 -42169050733.9 -34614035834.7
20675110665.3 -64644519962.9 -53062795865.5
-10765022170.2 33658813303.5 27628494126.9
-13400691003.7 41899714635.1 34392954051.9
10633081369.4 -33246276236.5 -27289867253.2
13486832158.6 -42169050732.4 -34614035836.0
20102978295.8 -62855643334.3 -51594414698.1
-10753913156.2 33624078934.7 27599982773.5
-13400691001.8 41899714635.8 34392954051.9
10445080850.9 -32658458193.7 -26807362793.3
13052000632.2 -40809470335.1 -33498038108.4
